 4801877 9042962 8887464 9342145  988822 4165406  380619 5676084 1774905  255961
 3330384 3440144 6518885 8043798 6717667 5321040 1249033  229850 8853721 5835754
 7187016 5022211 6478589  931481 8291475 1674127 1567369 4896722 5725980 2704249
 1626909 3900137 3751629 5412941 9505080 5235810 5873863  548226 9380842 9610121
 3107746 5726419 3545993 4341670 8193853 2039470 2168522 4588284 7917443 4817574
 9346285 2116217 4297886 3306595 6183436 4229826 2970026 7720100 6279566 4831975
 7017895 2544915 1590972 9176525 7676266 7263384 3208674 3404004 5201405 5597448
 5034933 7888810 4848087 5968608 2610770 4682201 2582189 2692373 7908582 7262059
 7251089 9646138 8436643  114792 3993989 8867582  352648 9940315 9163791 1489732
  802410 9262188 4858206 2735656 2652967 2991725 4640668 6568326 4199706  328606
 2738045   80087   49062 5288344 4319660 6506313 1287223 8662064 3222526 6808196
 5063613 7152563  215254 2693492 2551389 8263582 7777598 9301450 8057572  500935
  402544 5663144  846348 6388609 3118303 8442872 2098157 7845958 8857671 6472918
 8425953 7289873 6440148 2449898 1614270 6539431 1942194 6565481 3499975 9854567
 7518033  139586 5546061 8985088 7798996 3003964  543610 1090381 1587918 1154497
 4522338 8943112 3226193 4037116 4054555 1465636 6645452 9505632 8574446 7781300
 3659510 5046255 6843842 1102583 9863502  520399 6749656 2829663 2166657 5593948
 1454467 7271917 6915063 3707977 3843434 5145638 7857417 5751324 5810661  744148
 4275870 1335914 9103823 1178707 5023900 2016911 2381019 6379850 3585112   28289
 6976005 4280705 3195767 1906693 9785172 7775196  501664 6483818 7861591  528972
  158335 2583471 8924972 4418291  557581 4135389 3575897 6533581 6337397 9815736
 1364055 3394308 7575894 8961319 8051182 8315313 2227790 2767562 8287353 8000288
 5338405 4467659 2542068 2604075 3146114 3580296 1464003  983960 3179906 7076187
 6242965 6851342 5700730 6691985 7484292 3607291 9702954 5334718 9155104 3325233
 8589947 8197182 9104878 6462558 1094267 7245793  338533 2373193 7804985 5854598
 9836546  785858 4525112 9797035 2027662 4087274 3021821 7491009 8953176 5586065
 1587036 2562962 5893562 7651619 5011096 5124599 5215828  235478  691508 1592827
 9963758 5192689 7348364 1790329 9008579 7372413 9979182 3880160 8561133 6995626
 3407405 4131792 4940596 7279117 8255749 4526706 9341417 1402238 2106181 7673640
 6548800 5810183 9696142 3492830 5339170 4275378 7444968 9979211 8636286 7991147
 2013305 5313260 6265423 8427731 2615155 6541637 2881497 6656984 2154603 3273209
 7220716 3808704  270301 6901674 3200986 9476346 2462683 4715287 2525303 1406991
  388776 7139492 4033674 7317178 9329317 8540207 9314812 3293835 4755638 9435517
 8947093 6349310 1825823  481039 7638203 7211835 6773046 6899948 7529947 4922548
 3322629 4994767 4925741 2450700 2645199 4915510 5484546 2313932 7145388 9365510
 4226832 7978524 9108290 9018233 5877387  444844 9689800 4100400 7314383 8983100
 2606538 3890451 6252860 1488720 6925799 6585700 8084066 2507606 1554160 2457951
 2098280 8766850 2254363  547244  557135 9793545    7703 9088048  804874  694780
  949620  417088 3898124 7410611 3883750 6844202 4482570 9947698 3701035 1950486
 1385385 5092621 6614095 2194838 3275874 5680241 3924789 4388957 6017914 6168526
 4028107 2171950 7294878 5069600 8095150 6255697 5601267 6837060 8069654 8281442
 3101591 7073484 8927518 8639618 2835119 2650473 2217675 9146731 5378804 9460604
 8335325 7269143 2659472 6461236 1567901 5918648  552271 3167130 7759262  978241
 4321353 6989959 8697176 4355190 9896533 9893876 7663178 6307378 3714158 3855576
 2965536 8243126 3215722 9331924 9173484 8175469 7883206 9353825 1311187 3166270
 3440568 4928508 5823982 5762379 4460051 6105763 7784814 9847629  417141 6006593
 3086409 9321832 9786149 4099283   31601 9063197 7499413  831181  554285 7330244
 3978516 9725892 2987990 4047467 2385632 4711309 2772078 2318892 3732345 9891392
 6467484 9041562  758784 2466735 4305330 3839645 4852146 7972181 1050035 8600840
  826359 1627397 4607259 8029271 2399768 7350445 6239783 9089739 1146413 4871370
  475673 7391418 6547550 2340643 3478004 9453689  147250 8125742 2334231 8842183
 8384373 2010711 8892644 8614758 8568056 5856675 3842283  753982 8393116 6502649
 8986310 5462316 1169252 6418915 6602777  654972 6311415 3290772 9815078 6234548
 9217327 5367920 8390112 2627438  229060 8907955 8346398 5280763 8301544 4953224
 2497359 4459811 4341412 3031471 2875200 7099999 8722059 6545026 1413956  552835
 1421579 8169710 8456542 3561926 5228153 9054348 7365343 4023171 7898564 4096356
 6533463 3663096 1075501 5856160 6073818 2135287 2911746 7586206 8483171  723132
 2712503 9217929 1702990 5881612 9453580 9823605 6445731 6550634 6879772 3488691
 1093863 2545203 1231517 9301920 5721137  628977 4326474 3690193 5088696 3071780
 4994298  805120 5446541  380714 2917339 7715174 1315506 6385380 8284518 6679665
 3765640  672091 8390574 4700588 7455191 2414423 3958692 7308389 8220132 4418406
 8358637 2122849 3460429 7027967 3278972 2005836 9867141 8820729 3430700 6782481
 5086652 7430575 1623518 9631412 1421128 9085928 7622880 8226670 8631495 4912927
 7617343 4715828  713982 2112921  499511  420179 7213678 1044089 6664075 7794828
 5647366 7750159 5351437 8133953 3088736 9568740 2395148 2740898 4654367 9960174
 2044389 8941303  752233 5878592 7222636 4504288 5945576 7634611 2459044 9694964
 8215191 7672252 5465643  412508 2795998 6969640 7920549 6962399 6993612 8630803
 6272322 6991334 1302844 8561727 2519277 1534960 4632162 4590893 1843270  315493
  948852 4742628  936163 4391924 3373123 7055608 3410049 3738161 9149321  359315
 8702747 1545214 5493442 6451866 4382193 4000921 9073692 7280161 5135951  974896
 7092267 6253768 3448757 8713186 3787337 1893919 5292343 6692462 9411377 2454038
 8620067 1255445 5440850 9682104 8636105 8670738 2950255 1190450 6094556 7386077
 3804722 1254537 8645662 2644482 7501456 7535684 6240023 8802355 6522345 9705388
   34685 6411863 7321785 6201574 1718814 8510151 9082857 7117438 4010936 9754674
 7179464  628238 2962869 2287260 7559644 3502836 2595898 8803901 8805913 1564464
 6804283 2773700  218588 7720543 7729028 7436904 9382347 5944002 1395116 2963655
 4800532 9781053 4732667  835272 8986561 7555065 4713490 7411418 6370982 8904262
 6253750 1920468 9686370 8527098 4791688 8620696   97531 2728533 4272356 5431624
 6848016 8398387 2862597 3358962 8339922 3022779 9540173 2031303 2140368 1873925
 5156183 2357280 1736566 7467610 3099493 3247167  275117 3697971 4785109 2369711
  741604 6056499 5057695 3540453 4256003 3432343 7566231 7458835 1380249 2181632
 7623301 2616041 8907622 7133468 4696066 6513406 1688412 1797084  171761 3925804
 4261065 6158569 8222247 2485595 8846884 3859705 8778747 3829823 1858885 8144273
 2253188 9968549 7683745 1788228 5362773 2834213 9756473 9064496 4122846  462220
 6510250 4514831 8441771 6130272  120333 5546157 9213367  274213  695801 8226278
 2810149 6808486 2342363 8232720 8983697 9605688 3077031 3902160 6442011 8130860
 3472451  739447 3280265 6550442 7867389  320093 4146979  919651 8194805 5016203
 9934913 1474469 6139666 5364845  948678 4130953 5539884 1648360 8365103 7884695
 7986143 5087967 3903423 6046440 6570694 8723761 5360257 3757539 7304307 7282938
 5500071 1931646 5539678  692768 4524020 9393261    1023 8170319 7940999 6955388
 2722862 1608212 4914339 8562512 9964728 8960621 9925549 8786469 9441685 2046129
 8182491 8978210  859359 9807764 6353760 1358526 1141076 8822552  354902 6998914
 6227514 5787636  950093   36455 2384360 2763913 6362288 4099961 2423021  690559
 3236454 6103669 5866316 1138510 4239762 2797795 3795944 9160980 5318528 2403045
 2227151 4797481 4730324 2564140 5890801 2014904 8102148 4135168 5399916 7565357
 7110316 8786515 1359622  383031 1702785 6600557 2083463 5246463 9174044 9869709
 1378204 3987228 1733377 5379674 8456833 2091018 5780776  267021 2207047 5252470
 2979866 1953089 2602390 2139564  634644 1216929 1307557 1288985 4212236 4485319
 8677885 8943645 5712136 4658475 7453272 6192746 8065368 4797747 8643473 2512727
 2150417 2173220 5520243 9454559  595201 2639028 2364129 3853165 6174272 4284618
